{
  "frames": [
    {
      "id": 0,
      "name": "ring00_az000",
      "ring": 0,
      "azimuth_index": 0,
      "elevation_deg": 45.0,
      "azimuth_deg": 0.0,
      "image": "images/ring00_az000.png",
      "depth": "depth/ring00_az000.npy",
      "mask": "masks/ring00_az000.png",
      "opencv": {
        "K": [
          [
            548.993771650447,
            0.0,
            255.5
          ],
          [
            0.0,
            548.993771650447,
            255.5
          ],
          [
            0.0,
            0.0,
            1.0
          ]
        ],
        "R_w2c": [
          [
            0.0,
            0.0,
            -1.0
          ],
          [
            0.7071067811865475,
            -0.7071067811865475,
            0.0
          ],
          [
            -0.7071067811865475,
            -0.7071067811865475,
            0.0
          ]
        ],
        "t_w2c": [
          0.0,
          -4.806501386148017e-17,
          3.0
        ],
        "eye_world": [
          2.121320343559643,
          2.121320343559643,
          0.0
        ]
      },
      "gt": {
        "cube_corners_uv": [
          [
            329.54612328521006,
            255.5
          ],
          [
            346.9989619112415,
            384.899072877937
          ],
          [
            375.2163842839381,
            255.5
          ],
          [
            346.9989619112415,
            126.10092712206301
          ],
          [
            181.45387671478994,
            255.5
          ],
          [
            164.0010380887585,
            384.899072877937
          ],
          [
            135.7836157160619,
            255.5
          ],
          [
            164.0010380887585,
            126.10092712206301
          ]
        ],
        "cube_corners_z_cam": [
          3.7071067811865475,
          3.0,
          2.2928932188134525,
          3.0,
          3.7071067811865475,
          3.0,
          2.2928932188134525,
          3.0
        ]
      }
    },
    {
      "id": 1,
      "name": "ring00_az001",
      "ring": 0,
      "azimuth_index": 1,
      "elevation_deg": 45.0,
      "azimuth_deg": 10.0,
      "image": "images/ring00_az001.png",
      "depth": "depth/ring00_az001.npy",
      "mask": "masks/ring00_az001.png",
      "opencv": {
        "K": [
          [
            548.993771650447,
            0.0,
            255.5
          ],
          [
            0.0,
            548.993771650447,
            255.5
          ],
          [
            0.0,
            0.0,
            1.0
          ]
        ],
        "R_w2c": [
          [
            0.17364817766693036,
            0.0,
            -0.984807753012208
          ],
          [
            0.696364240320019,
            -0.7071067811865476,
            0.12278780396897286
          ],
          [
            -0.696364240320019,
            -0.7071067811865476,
            -0.12278780396897286
          ]
        ],
        "t_w2c": [
          -3.3507348495317697e-18,
          6.228050412831248e-17,
          3.0000000000000004
        ],
        "eye_world": [
          2.089092720960057,
          2.121320343559643,
          0.36836341190691857
        ]
      },
      "gt": {
        "cube_corners_uv": [
          [
            314.66904598782565,
            247.32699492586946
          ],
          [
            359.1898906031329,
            370.13008579522887
          ],
          [
            390.2621106445424,
            239.96653806280196
          ],
          [
            328.3596624147735,
            118.40896863988567
          ],
          [
            168.14760854205093,
            265.5687429229592
          ],
          [
            179.86736109106715,
            397.808598871717
          ],
          [
            155.95880235182977,
            269.24959997886265
          ],
          [
            147.08980991273614,
            135.6515816200056
          ]
        ],
        "cube_corners_z_cam": [
          3.7631294127377704,
          3.0667651724177514,
          2.3596583912312035,
          3.0560226315512224,
          3.6403416087687974,
          2.9439773684487784,
          2.2368705872622305,
          2.9332348275822495
        ]
      }
    },
    {
      "id": 2,
      "name": "ring00_az002",
      "ring": 0,
      "azimuth_index": 2,
      "elevation_deg": 45.0,
      "azimuth_deg": 20.0,
      "image": "images/ring00_az002.png",
      "depth": "depth/ring00_az002.npy",
      "mask": "masks/ring00_az002.png",
      "opencv": {
        "K": [
          [
            548.993771650447,
            0.0,
            255.5
          ],
          [
            0.0,
            548.993771650447,
            255.5
          ],
          [
            0.0,
            0.0,
            1.0
          ]
        ],
        "R_w2c": [
          [
            0.34202014332566877,
            0.0,
            -0.9396926207859084
          ],
          [
            0.6644630243886747,
            -0.7071067811865476,
            0.24184476264797528
          ],
          [
            -0.6644630243886747,
            -0.7071067811865475,
            -0.24184476264797525
          ]
        ],
        "t_w2c": [
          -1.3737148518717942e-16,
          5.4525482315100577e-17,
          3.0
        ],
        "eye_world": [
          1.9933890731660244,
          2.121320343559643,
          0.7255342879439258
        ]
      },
      "gt": {
        "cube_corners_uv": [
          [
            298.5974124141179,
            241.1358654176106
          ],
          [
            367.4665223575343,
            354.189338062774
          ],
          [
            399.9789730467501,
            223.43149738068112
          ],
          [
            308.4291544502371,
            112.61794989015652
          ],
          [
            156.8072285245027,
            277.40581323931286
          ],
          [
            198.93564260193426,
            408.1952665714711
          ],
          [
            180.6995720666821,
            280.4305782753335
          ],
          [
            132.38725205260442,
            146.98617509776545
          ]
        ],
        "cube_corners_z_cam": [
          3.8067072841115985,
          3.142244259722924,
          2.4351374785363764,
          3.099600502925051,
          3.5648625214636236,
          2.900399497074949,
          2.1932927158884015,
          2.857755740277076
        ]
      }
    },
    {
      "id": 3,
      "name": "ring00_az003",
      "ring": 0,
      "azimuth_index": 3,
      "elevation_deg": 45.0,
      "azimuth_deg": 30.0,
      "image": "images/ring00_az003.png",
      "depth": "depth/ring00_az003.npy",
      "mask": "masks/ring00_az003.png",
      "opencv": {
        "K": [
          [
            548.993771650447,
            0.0,
            255.5
          ],
          [
            0.0,
            548.993771650447,
            255.5
          ],
          [
            0.0,
            0.0,
            1.0
          ]
        ],
        "R_w2c": [
          [
            0.49999999999999983,
            0.0,
            -0.8660254037844387
          ],
          [
            0.6123724356957945,
            -0.7071067811865475,
            0.3535533905932736
          ],
          [
            -0.6123724356957946,
            -0.7071067811865475,
            -0.3535533905932737
          ]
        ],
        "t_w2c": [
          1.7545199600591227e-16,
          1.28734152638844e-16,
          3.0000000000000004
        ],
        "eye_world": [
          1.8371173070873839,
          2.121320343559643,
          1.0606601717798212
        ]
      },
      "gt": {
        "cube_corners_uv": [
          [
            281.68855896628725,
            236.9818923654346
          ],
          [
            371.8005543572056,
            337.73691064173477
          ],
          [
            404.47266357582714,
            206.61173049359098
          ],
          [
            287.60600361365675,
            108.74955485053906
          ],
          [
            147.84174220627048,
            290.83014578162073
          ],
          [
            220.49924519848486,
            415.48180307637733
          ],
          [
            209.05969929475643,
            288.33825154902013
          ],
          [
            120.41745200879728,
            159.98221429546328
          ]
        ],
        "cube_corners_z_cam": [
          3.8365163037378083,
          3.2241438680420136,
          2.517037086855466,
          3.129409522551261,
          3.4829629131445348,
          2.87059047744874,
          2.1634836962621926,
          2.7758561319579873
        ]
      }
    },
    {
      "id": 4,
      "name": "ring00_az004",
      "ring": 0,
      "azimuth_index": 4,
      "elevation_deg": 45.0,
      "azimuth_deg": 40.0,
      "image": "images/ring00_az004.png",
      "depth": "depth/ring00_az004.npy",
      "mask": "masks/ring00_az004.png",
      "opencv": {
        "K": [
          [
            548.993771650447,
            0.0,
            255.5
          ],
          [
            0.0,
            548.993771650447,
            255.5
          ],
          [
            0.0,
            0.0,
            1.0
          ]
        ],
        "R_w2c": [
          [
            0.6427876096865393,
            0.0,
            -0.7660444431189781
          ],
          [
            0.5416752204197018,
            -0.7071067811865475,
            0.4545194776720436
          ],
          [
            -0.5416752204197018,
            -0.7071067811865475,
            -0.4545194776720436
          ]
        ],
        "t_w2c": [
          2.6013545505858574e-16,
          1.1447691826766382e-16,
          3.0
        ],
        "eye_world": [
          1.6250256612591056,
          2.121320343559643,
          1.363558433016131
        ]
      },
      "gt": {
        "cube_corners_uv": [
          [
            264.2841861093222,
            234.89747441716128
          ],
          [
            372.3347043002399,
            321.36833890939687
          ],
          [
            404.07453445368833,
            190.1203568149129
          ],
          [
            266.25946699112853,
            106.81359023367611
          ],
          [
            141.66277052300168,
            305.5936279003113
          ],
          [
            243.65123874094064,
            419.2395024530925
          ],
          [
            239.75134239464816,
            292.4370727317922
          ],
          [
            111.73922244384289,
            174.45144790529565
          ]
        ],
        "cube_corners_z_cam": [
          3.8516507396391466,
          3.3099755192194444,
          2.602868738032897,
          3.144543958452599,
          3.397131261967103,
          2.855456041547401,
          2.1483492603608534,
          2.6900244807805556
        ]
      }
    },
    {
      "id": 5,
      "name": "ring00_az005",
      "ring": 0,
      "azimuth_index": 5,
      "elevation_deg": 45.0,
      "azimuth_deg": 50.0,
      "image": "images/ring00_az005.png",
      "depth": "depth/ring00_az005.npy",
      "mask": "masks/ring00_az005.png",
      "opencv": {
        "K": [
          [
            548.993771650447,
            0.0,
            255.5
          ],
          [
            0.0,
            548.993771650447,
            255.5
          ],
          [
            0.0,
            0.0,
            1.0
          ]
        ],
        "R_w2c": [
          [
            0.766044443118978,
            0.0,
            -0.6427876096865393
          ],
          [
            0.4545194776720436,
            -0.7071067811865475,
            0.5416752204197018
          ],
          [
            -0.45451947767204365,
            -0.7071067811865475,
            -0.5416752204197018
          ]
        ],
        "t_w2c": [
          -1.2545614723865351e-16,
          -2.0641406054392787e-18,
          3.0000000000000004
        ],
        "eye_world": [
          1.3635584330161312,
          2.121320343559643,
          1.6250256612591056
        ]
      },
      "gt": {
        "cube_corners_uv": [
          [
            246.71581389067785,
            234.89747441716125
          ],
          [
            369.33722947699835,
            305.5936279003113
          ],
          [
            399.2607775561571,
            174.45144790529565
          ],
          [
            244.7405330088715,
            106.81359023367611
          ],
          [
            138.66529569976018,
            321.3683389093968
          ],
          [
            267.34876125905936,
            419.2395024530924
          ],
          [
            271.24865760535187,
            292.43707273179217
          ],
          [
            106.92546554631176,
            190.1203568149129
          ]
        ],
        "cube_corners_z_cam": [
          3.8516507396391466,
          3.397131261967103,
          2.690024480780556,
          3.1445439584525996,
          3.309975519219445,
          2.8554560415474013,
          2.1483492603608543,
          2.602868738032898
        ]
      }
    },
    {
      "id": 6,
      "name": "ring00_az006",
      "ring": 0,
      "azimuth_index": 6,
      "elevation_deg": 45.0,
      "azimuth_deg": 60.0,
      "image": "images/ring00_az006.png",
      "depth": "depth/ring00_az006.npy",
      "mask": "masks/ring00_az006.png",
      "opencv": {
        "K": [
          [
            548.993771650447,
            0.0,
            255.5
          ],
          [
            0.0,
            548.993771650447,
            255.5
          ],
          [
            0.0,
            0.0,
            1.0
          ]
        ],
        "R_w2c": [
          [
            0.8660254037844385,
            0.0,
            -0.5000000000000001
          ],
          [
            0.3535533905932738,
            -0.7071067811865475,
            0.6123724356957944
          ],
          [
            -0.35355339059327384,
            -0.7071067811865475,
            -0.6123724356957945
          ]
        ],
        "t_w2c": [
          9.29386908640621e-17,
          4.514253974264731e-17,
          3.0
        ],
        "eye_world": [
          1.0606601717798216,
          2.121320343559643,
          1.8371173070873836
        ]
      },
      "gt": {
        "cube_corners_uv": [
          [
            229.3114410337128,
            236.98189236543456
          ],
          [
            363.1582577937296,
            290.8301457816208
          ],
          [
            390.58254799120283,
            159.98221429546328
          ],
          [
            223.39399638634336,
            108.74955485053903
          ],
          [
            139.19944564279444,
            337.73691064173477
          ],
          [
            290.50075480151514,
            415.48180307637733
          ],
          [
            301.94030070524354,
            288.33825154902013
          ],
          [
            106.52733642417294,
            206.61173049359095
          ]
        ],
        "cube_corners_z_cam": [
          3.836516303737808,
          3.482962913144534,
          2.7758561319579864,
          3.1294095225512604,
          3.2241438680420136,
          2.8705904774487396,
          2.163483696262192,
          2.517037086855466
        ]
      }
    },
    {
      "id": 7,
      "name": "ring00_az007",
      "ring": 0,
      "azimuth_index": 7,
      "elevation_deg": 45.0,
      "azimuth_deg": 70.0,
      "image": "images/ring00_az007.png",
      "depth": "depth/ring00_az007.npy",
      "mask": "masks/ring00_az007.png",
      "opencv": {
        "K": [
          [
            548.993771650447,
            0.0,
            255.5
          ],
          [
            0.0,
            548.993771650447,
            255.5
          ],
          [
            0.0,
            0.0,
            1.0
          ]
        ],
        "R_w2c": [
          [
            0.9396926207859083,
            0.0,
            -0.34202014332566877
          ],
          [
            0.24184476264797528,
            -0.7071067811865475,
            0.6644630243886746
          ],
          [
            -0.2418447626479753,
            -0.7071067811865475,
            -0.6644630243886747
          ]
        ],
        "t_w2c": [
          -9.582702364378046e-17,
          1.27641644220116e-16,
          3.0
        ],
        "eye_world": [
          0.725534287943926,
          2.121320343559643,
          1.9933890731660242
        ]
      },
      "gt": {
        "cube_corners_uv": [
          [
            212.40258758588203,
            241.1358654176106
          ],
          [
            354.19277147549724,
            277.40581323931286
          ],
          [
            378.6127479473955,
            146.98617509776545
          ],
          [
            202.57084554976285,
            112.61794989015655
          ],
          [
            143.53347764246564,
            354.1893380627741
          ],
          [
            312.0643573980657,
            408.1952665714711
          ],
          [
            330.30042793331785,
            280.4305782753336
          ],
          [
            111.02102695324987,
            223.43149738068115
          ]
        ],
        "cube_corners_z_cam": [
          3.8067072841115985,
          3.564862521463623,
          2.857755740277076,
          3.099600502925051,
          3.142244259722924,
          2.900399497074949,
          2.1932927158884015,
          2.435137478536377
        ]
      }
    },
    {
      "id": 8,
      "name": "ring00_az008",
      "ring": 0,
      "azimuth_index": 8,
      "elevation_deg": 45.0,
      "azimuth_deg": 80.0,
      "image": "images/ring00_az008.png",
      "depth": "depth/ring00_az008.npy",
      "mask": "masks/ring00_az008.png",
      "opencv": {
        "K": [
          [
            548.993771650447,
            0.0,
            255.5
          ],
          [
            0.0,
            548.993771650447,
            255.5
          ],
          [
            0.0,
            0.0,
            1.0
          ]
        ],
        "R_w2c": [
          [
            0.984807753012208,
            0.0,
            -0.17364817766693044
          ],
          [
            0.12278780396897292,
            -0.7071067811865476,
            0.696364240320019
          ],
          [
            -0.12278780396897292,
            -0.7071067811865476,
            -0.696364240320019
          ]
        ],
        "t_w2c": [
          2.9419947044736245e-17,
          -6.901504262964001e-18,
          3.0000000000000004
        ],
        "eye_world": [
          0.36836341190691874,
          2.121320343559643,
          2.089092720960057
        ]
      },
      "gt": {
        "cube_corners_uv": [
          [
            196.33095401217437,
            247.32699492586943
          ],
          [
            342.85239145794907,
            265.5687429229592
          ],
          [
            363.91019008726386,
            135.65158162000557
          ],
          [
            182.64033758522652,
            118.40896863988564
          ],
          [
            151.81010939686712,
            370.13008579522887
          ],
          [
            331.13263890893285,
            397.808598871717
          ],
          [
            355.0411976481702,
            269.24959997886265
          ],
          [
            120.73788935545758,
            239.96653806280193
          ]
        ],
        "cube_corners_z_cam": [
          3.7631294127377704,
          3.6403416087687974,
          2.9332348275822495,
          3.0560226315512224,
          3.0667651724177514,
          2.9439773684487784,
          2.2368705872622305,
          2.3596583912312035
        ]
      }
    },
    {
      "id": 9,
      "name": "ring00_az009",
      "ring": 0,
      "azimuth_index": 9,
      "elevation_deg": 45.0,
      "azimuth_deg": 90.0,
      "image": "images/ring00_az009.png",
      "depth": "depth/ring00_az009.npy",
      "mask": "masks/ring00_az009.png",
      "opencv": {
        "K": [
          [
            548.993771650447,
            0.0,
            255.5
          ],
          [
            0.0,
            548.993771650447,
            255.5
          ],
          [
            0.0,
            0.0,
            1.0
          ]
        ],
        "R_w2c": [
          [
            1.0,
            0.0,
            -6.123233995736766e-17
          ],
          [
            4.329780281177466e-17,
            -0.7071067811865475,
            0.7071067811865475
          ],
          [
            -4.3297802811774664e-17,
            -0.7071067811865475,
            -0.7071067811865475
          ]
        ],
        "t_w2c": [
          5.4249494318482494e-33,
          -4.806501386148017e-17,
          3.0
        ],
        "eye_world": [
          1.29893408435324e-16,
          2.121320343559643,
          2.121320343559643
        ]
      },
      "gt": {
        "cube_corners_uv": [
          [
            181.45387671478994,
            255.5
          ],
          [
            329.54612328521006,
            255.5
          ],
          [
            346.9989619112415,
            126.10092712206301
          ],
          [
            164.0010380887585,
            126.10092712206301
          ],
          [
            164.0010380887585,
            384.899072877937
          ],
          [
            346.9989619112415,
            384.899072877937
          ],
          [
            375.2163842839381,
            255.5
          ],
          [
            135.7836157160619,
            255.5
          ]
        ],
        "cube_corners_z_cam": [
          3.7071067811865475,
          3.7071067811865475,
          3.0,
          3.0,
          3.0,
          3.0,
          2.2928932188134525,
          2.2928932188134525
        ]
      }
    },
    {
      "id": 10,
      "name": "ring00_az010",
      "ring": 0,
      "azimuth_index": 10,
      "elevation_deg": 45.0,
      "azimuth_deg": 100.0,
      "image": "images/ring00_az010.png",
      "depth": "depth/ring00_az010.npy",
      "mask": "masks/ring00_az010.png",
      "opencv": {
        "K": [
          [
            548.993771650447,
            0.0,
            255.5
          ],
          [
            0.0,
            548.993771650447,
            255.5
          ],
          [
            0.0,
            0.0,
            1.0
          ]
        ],
        "R_w2c": [
          [
            0.984807753012208,
            0.0,
            0.17364817766693033
          ],
          [
            -0.12278780396897285,
            -0.7071067811865476,
            0.696364240320019
          ],
          [
            0.12278780396897283,
            -0.7071067811865476,
            -0.696364240320019
          ]
        ],
        "t_w2c": [
          -1.9528668031100296e-17,
          -6.901504262964001e-18,
          3.0000000000000004
        ],
        "eye_world": [
          -0.3683634119069185,
          2.121320343559643,
          2.089092720960057
        ]
      },
      "gt": {
        "cube_corners_uv": [
          [
            168.14760854205093,
            265.5687429229592
          ],
          [
            314.66904598782565,
            247.32699492586943
          ],
          [
            328.3596624147735,
            118.40896863988564
          ],
          [
            147.08980991273614,
            135.65158162000557
          ],
          [
            179.86736109106715,
            397.808598871717
          ],
          [
            359.1898906031329,
            370.13008579522887
          ],
          [
            390.2621106445424,
            239.96653806280196
          ],
          [
            155.95880235182977,
            269.2495999788626
          ]
        ],
        "cube_corners_z_cam": [
          3.6403416087687974,
          3.7631294127377704,
          3.0560226315512224,
          2.9332348275822495,
          2.9439773684487784,
          3.0667651724177514,
          2.3596583912312035,
          2.2368705872622305
        ]
      }
    },
    {
      "id": 11,
      "name": "ring00_az011",
      "ring": 0,
      "azimuth_index": 11,
      "elevation_deg": 45.0,
      "azimuth_deg": 110.0,
      "image": "images/ring00_az011.png",
      "depth": "depth/ring00_az011.npy",
      "mask": "masks/ring00_az011.png",
      "opencv": {
        "K": [
          [
            548.993771650447,
            0.0,
            255.5
          ],
          [
            0.0,
            548.993771650447,
            255.5
          ],
          [
            0.0,
            0.0,
            1.0
          ]
        ],
        "R_w2c": [
          [
            0.9396926207859084,
            0.0,
            0.34202014332566877
          ],
          [
            -0.24184476264797528,
            -0.7071067811865476,
            0.6644630243886747
          ],
          [
            0.24184476264797525,
            -0.7071067811865475,
            -0.6644630243886747
          ]
        ],
        "t_w2c": [
          -9.11390064198859e-17,
          -1.9164825199039486e-17,
          3.0000000000000004
        ],
        "eye_world": [
          -0.7255342879439258,
          2.121320343559643,
          1.9933890731660244
        ]
      },
      "gt": {
        "cube_corners_uv": [
          [
            156.8072285245027,
            277.40581323931286
          ],
          [
            298.5974124141179,
            241.1358654176106
          ],
          [
            308.4291544502371,
            112.61794989015652
          ],
          [
            132.38725205260442,
            146.98617509776545
          ],
          [
            198.93564260193426,
            408.19526657147105
          ],
          [
            367.4665223575343,
            354.189338062774
          ],
          [
            399.97897304675007,
            223.43149738068112
          ],
          [
            180.6995720666821,
            280.4305782753335
          ]
        ],
        "cube_corners_z_cam": [
          3.564862521463624,
          3.8067072841115994,
          3.0996005029250515,
          2.8577557402770766,
          2.9003994970749494,
          3.1422442597229243,
          2.435137478536377,
          2.1932927158884015
        ]
      }
    },
    {
      "id": 12,
      "name": "ring00_az012",
      "ring": 0,
      "azimuth_index": 12,
      "elevation_deg": 45.0,
      "azimuth_deg": 120.0,
      "image": "images/ring00_az012.png",
      "depth": "depth/ring00_az012.npy",
      "mask": "masks/ring00_az012.png",
      "opencv": {
        "K": [
          [
            548.993771650447,
            0.0,
            255.5
          ],
          [
            0.0,
            548.993771650447,
            255.5
          ],
          [
            0.0,
            0.0,
            1.0
          ]
        ],
        "R_w2c": [
          [
            0.8660254037844387,
            0.0,
            0.49999999999999983
          ],
          [
            -0.3535533905932737,
            -0.7071067811865475,
            0.6123724356957946
          ],
          [
            0.3535533905932737,
            -0.7071067811865476,
            -0.6123724356957946
          ]
        ],
        "t_w2c": [
          -2.7125417397680287e-17,
          -5.466423261149744e-17,
          3.0000000000000004
        ],
        "eye_world": [
          -1.060660171779821,
          2.121320343559643,
          1.8371173070873839
        ]
      },
      "gt": {
        "cube_corners_uv": [
          [
            147.84174220627045,
            290.83014578162073
          ],
          [
            281.68855896628725,
            236.98189236543453
          ],
          [
            287.6060036136567,
            108.74955485053906
          ],
          [
            120.41745200879723,
            159.98221429546325
          ],
          [
            220.49924519848483,
            415.48180307637733
          ],
          [
            371.8005543572056,
            337.73691064173477
          ],
          [
            404.4726635758271,
            206.61173049359095
          ],
          [
            209.0596992947564,
            288.33825154902013
          ]
        ],
        "cube_corners_z_cam": [
          3.4829629131445348,
          3.8365163037378083,
          3.129409522551261,
          2.7758561319579873,
          2.87059047744874,
          3.2241438680420136,
          2.517037086855466,
          2.1634836962621926
        ]
      }
    },
    {
      "id": 13,
      "name": "ring00_az013",
      "ring": 0,
      "azimuth_index": 13,
      "elevation_deg": 45.0,
      "azimuth_deg": 130.0,
      "image": "images/ring00_az013.png",
      "depth": "depth/ring00_az013.npy",
      "mask": "masks/ring00_az013.png",
      "opencv": {
        "K": [
          [
            548.993771650447,
            0.0,
            255.5
          ],
          [
            0.0,
            548.993771650447,
            255.5
          ],
          [
            0.0,
            0.0,
            1.0
          ]
        ],
        "R_w2c": [
          [
            0.766044443118978,
            0.0,
            0.6427876096865393
          ],
          [
            -0.4545194776720436,
            -0.7071067811865475,
            0.5416752204197018
          ],
          [
            0.45451947767204365,
            -0.7071067811865475,
            -0.5416752204197018
          ]
        ],
        "t_w2c": [
          1.2545614723865351e-16,
          -2.0641406054392787e-18,
          3.0000000000000004
        ],
        "eye_world": [
          -1.3635584330161312,
          2.121320343559643,
          1.6250256612591056
        ]
      },
      "gt": {
        "cube_corners_uv": [
          [
            141.66277052300168,
            305.5936279003113
          ],
          [
            264.28418610932215,
            234.89747441716125
          ],
          [
            266.25946699112853,
            106.81359023367611
          ],
          [
            111.73922244384292,
            174.45144790529565
          ],
          [
            243.6512387409406,
            419.2395024530924
          ],
          [
            372.3347043002398,
            321.3683389093968
          ],
          [
            404.0745344536882,
            190.1203568149129
          ],
          [
            239.75134239464813,
            292.43707273179217
          ]
        ],
        "cube_corners_z_cam": [
          3.397131261967103,
          3.8516507396391466,
          3.1445439584525996,
          2.690024480780556,
          2.8554560415474013,
          3.309975519219445,
          2.602868738032898,
          2.1483492603608543
        ]
      }
    },
    {
      "id": 14,
      "name": "ring00_az014",
      "ring": 0,
      "azimuth_index": 14,
      "elevation_deg": 45.0,
      "azimuth_deg": 140.0,
      "image": "images/ring00_az014.png",
      "depth": "depth/ring00_az014.npy",
      "mask": "masks/ring00_az014.png",
      "opencv": {
        "K": [
          [
            548.993771650447,
            0.0,
            255.5
          ],
          [
            0.0,
            548.993771650447,
            255.5
          ],
          [
            0.0,
            0.0,
            1.0
          ]
        ],
        "R_w2c": [
          [
            0.6427876096865395,
            0.0,
            0.7660444431189779
          ],
          [
            -0.5416752204197017,
            -0.7071067811865475,
            0.45451947767204376
          ],
          [
            0.5416752204197017,
            -0.7071067811865475,
            -0.45451947767204376
          ]
        ],
        "t_w2c": [
          -7.5512128037031e-17,
          1.861853479092351e-17,
          3.0
        ],
        "eye_world": [
          -1.6250256612591054,
          2.121320343559643,
          1.3635584330161314
        ]
      },
      "gt": {
        "cube_corners_uv": [
          [
            138.66529569976018,
            321.3683389093968
          ],
          [
            246.71581389067788,
            234.89747441716125
          ],
          [
            244.74053300887152,
            106.81359023367605
          ],
          [
            106.9254655463117,
            190.12035681491284
          ],
          [
            267.34876125905936,
            419.2395024530925
          ],
          [
            369.33722947699835,
            305.5936279003113
          ],
          [
            399.2607775561571,
            174.45144790529565
          ],
          [
            271.2486576053518,
            292.43707273179217
          ]
        ],
        "cube_corners_z_cam": [
          3.309975519219445,
          3.8516507396391466,
          3.144543958452599,
          2.6028687380328974,
          2.855456041547401,
          3.3971312619671026,
          2.690024480780555,
          2.1483492603608534
        ]
      }
    },
    {
      "id": 15,
      "name": "ring00_az015",
      "ring": 0,
      "azimuth_index": 15,
      "elevation_deg": 45.0,
      "azimuth_deg": 150.0,
      "image": "images/ring00_az015.png",
      "depth": "depth/ring00_az015.npy",
      "mask": "masks/ring00_az015.png",
      "opencv": {
        "K": [
          [
            548.993771650447,
            0.0,
            255.5
          ],
          [
            0.0,
            548.993771650447,
            255.5
          ],
          [
            0.0,
            0.0,
            1.0
          ]
        ],
        "R_w2c": [
          [
            0.49999999999999983,
            0.0,
            0.8660254037844387
          ],
          [
            -0.6123724356957945,
            -0.7071067811865475,
            0.3535533905932736
          ],
          [
            0.6123724356957946,
            -0.7071067811865475,
            -0.3535533905932737
          ]
        ],
        "t_w2c": [
          -1.7545199600591227e-16,
          1.28734152638844e-16,
          3.0000000000000004
        ],
        "eye_world": [
          -1.8371173070873839,
          2.121320343559643,
          1.0606601717798212
        ]
      },
      "gt": {
        "cube_corners_uv": [
          [
            139.1994456427944,
            337.73691064173477
          ],
          [
            229.31144103371275,
            236.9818923654346
          ],
          [
            223.39399638634328,
            108.74955485053906
          ],
          [
            106.52733642417289,
            206.61173049359098
          ],
          [
            290.50075480151514,
            415.48180307637733
          ],
          [
            363.1582577937295,
            290.83014578162073
          ],
          [
            390.5825479912027,
            159.98221429546328
          ],
          [
            301.94030070524354,
            288.33825154902013
          ]
        ],
        "cube_corners_z_cam": [
          3.2241438680420136,
          3.8365163037378083,
          3.129409522551261,
          2.517037086855466,
          2.87059047744874,
          3.4829629131445348,
          2.7758561319579873,
          2.1634836962621926
        ]
      }
    },
    {
      "id": 16,
      "name": "ring00_az016",
      "ring": 0,
      "azimuth_index": 16,
      "elevation_deg": 45.0,
      "azimuth_deg": 160.0,
      "image": "images/ring00_az016.png",
      "depth": "depth/ring00_az016.npy",
      "mask": "masks/ring00_az016.png",
      "opencv": {
        "K": [
          [
            548.993771650447,
            0.0,
            255.5
          ],
          [
            0.0,
            548.993771650447,
            255.5
          ],
          [
            0.0,
            0.0,
            1.0
          ]
        ],
        "R_w2c": [
          [
            0.3420201433256688,
            0.0,
            0.9396926207859083
          ],
          [
            -0.6644630243886746,
            -0.7071067811865475,
            0.2418447626479753
          ],
          [
            0.6644630243886747,
            -0.7071067811865475,
            -0.24184476264797536
          ]
        ],
        "t_w2c": [
          -9.505854274984554e-17,
          1.2037082705507848e-16,
          3.0000000000000004
        ],
        "eye_world": [
          -1.9933890731660242,
          2.121320343559643,
          0.7255342879439262
        ]
      },
      "gt": {
        "cube_corners_uv": [
          [
            143.5334776424657,
            354.189338062774
          ],
          [
            212.40258758588203,
            241.1358654176106
          ],
          [
            202.57084554976288,
            112.61794989015655
          ],
          [
            111.02102695324987,
            223.43149738068115
          ],
          [
            312.0643573980657,
            408.1952665714711
          ],
          [
            354.19277147549724,
            277.40581323931286
          ],
          [
            378.6127479473955,
            146.98617509776545
          ],
          [
            330.30042793331785,
            280.4305782753336
          ]
        ],
        "cube_corners_z_cam": [
          3.1422442597229248,
          3.8067072841115994,
          3.0996005029250515,
          2.435137478536377,
          2.9003994970749494,
          3.564862521463624,
          2.857755740277076,
          2.1932927158884015
        ]
      }
    },
    {
      "id": 17,
      "name": "ring00_az017",
      "ring": 0,
      "azimuth_index": 17,
      "elevation_deg": 45.0,
      "azimuth_deg": 170.0,
      "image": "images/ring00_az017.png",
      "depth": "depth/ring00_az017.npy",
      "mask": "masks/ring00_az017.png",
      "opencv": {
        "K": [
          [
            548.993771650447,
            0.0,
            255.5
          ],
          [
            0.0,
            548.993771650447,
            255.5
          ],
          [
            0.0,
            0.0,
            1.0
          ]
        ],
        "R_w2c": [
          [
            0.17364817766693028,
            0.0,
            0.984807753012208
          ],
          [
            -0.696364240320019,
            -0.7071067811865476,
            0.1227878039689728
          ],
          [
            0.696364240320019,
            -0.7071067811865476,
            -0.1227878039689728
          ]
        ],
        "t_w2c": [
          8.207174892859444e-19,
          1.0317705826116662e-16,
          3.0000000000000004
        ],
        "eye_world": [
          -2.089092720960057,
          2.121320343559643,
          0.3683634119069184
        ]
      },
      "gt": {
        "cube_corners_uv": [
          [
            151.81010939686712,
            370.13008579522887
          ],
          [
            196.33095401217435,
            247.32699492586946
          ],
          [
            182.64033758522652,
            118.4089686398857
          ],
          [
            120.73788935545761,
            239.96653806280196
          ],
          [
            331.13263890893285,
            397.808598871717
          ],
          [
            342.85239145794907,
            265.5687429229592
          ],
          [
            363.91019008726386,
            135.65158162000557
          ],
          [
            355.04119764817017,
            269.24959997886265
          ]
        ],
        "cube_corners_z_cam": [
          3.0667651724177514,
          3.76312941273777,
          3.0560226315512224,
          2.3596583912312035,
